Namespace(ckpt_path='/data/hanxinyang/MuNeRF_latest/process_data_hy/makeup-transfer-public/face-parsing.PyTorch-master/res/cp/', dspth='/data/hanxinyang/MuNeRF_latest/process_data_hy/makeup-transfer-public/dataH/1008/boy4_00005/warp', respth='/data/hanxinyang/MuNeRF_latest/process_data_hy/makeup-transfer-public/dataH/1008/boy4_00005/mask_makeup')
[ 0  1  2  3  4  5  7  8 10 12 13 14 15 16 17]
[ 0  1  2  3  4  7  8 10 11 12 13 14 15 16 17]
[ 0  1  2  3  4  5  7  8 10 11 12 13 14 15 16 17]
[ 0  1  2  3  4  5  7  8 10 12 13 14 15 16 17]
[ 0  1  2  3  4  5  7  8 10 11 12 13 14 15 16 17]
[ 0  1  2  3  4  5  7  8 10 11 12 13 14 15 16 17]
[ 0  1  2  3  4  5  7  8 10 11 12 13 14 15 16 17]
[ 0  1  2  3  4  5  7  8 10 11 12 13 14 15 16 17]
[ 0  1  2  3  4  5  7  8 10 11 12 13 14 15 16 17]
[ 0  1  2  3  5  7  8 10 11 12 13 14 15 16 17]
[ 0  1  2  3  4  5  7  8 10 12 13 14 15 16 17]
[ 0  1  2  3  4  5  7  8 10 11 12 13 14 15 16 17]
[ 0  1  2  3  7  8 10 11 12 13 14 15 16 17]
[ 0  1  2  3  4  5  7  8 10 11 12 13 14 15 16 17]
[ 0  1  2  3  4  5  7  8 10 11 12 13 14 15 16 17]
[ 0  1  2  3  4  5  7  8 10 11 12 13 14 15 16 17]
[ 0  1  2  3  4  5  7  8 10 12 13 14 15 16 17]
[ 0  1  2  3  5  7  8 10 12 13 14 15 16 17]
[ 0  1  2  3  4  5  7  8 10 12 13 14 15 16 17]
[ 0  1  2  3  7  8 10 11 12 13 14 15 16 17]
[ 0  1  2  3  4  5  7  8 10 11 12 13 14 15 16 17]
[ 0  1  2  3  7  8 10 12 13 14 15 16 17]
[ 0  1  2  3  4  5  7  8 10 11 12 13 14 15 16 17]
[ 0  1  2  3  4  5  7  8 10 12 13 14 15 16 17]
[ 0  1  2  3  4  5  7  8 10 12 13 14 15 16 17]
[ 0  1  2  3  4  5  7  8 10 11 12 13 14 15 16 17]
[ 0  1  2  3  4  5  7  8 10 11 12 13 14 15 16 17]
[ 0  1  2  3  4  5  7  8 10 11 12 13 14 15 16 17]
[ 0  1  2  3  4  5  7  8 10 11 12 13 14 15 16 17]
[ 0  1  2  3  4  5  7  8 10 12 13 14 15 16 17]
[ 0  1  2  3  4  5  7  8 10 11 12 13 14 15 16 17]
[ 0  1  2  3  4  5  7  8 10 12 13 14 15 16 17]
[ 0  1  2  3  5  7  8 10 11 12 13 14 15 16 17]
[ 0  1  2  3  4  5  7  8 10 12 13 14 15 16 17]
[ 0  1  2  3  4  5  7  8 10 11 12 13 14 15 16 17]
[ 0  1  2  3  4  7  8 10 11 12 13 14 15 16 17]
[ 0  1  2  3  4  5  7  8 10 11 12 13 14 15 16 17]
[ 0  1  2  3  7  8 10 12 13 14 15 16 17]
[ 0  1  2  3  4  5  7  8 10 11 12 13 14 15 16 17]
[ 0  1  2  3  4  5  7  8 10 11 12 13 14 15 16 17]
[ 0  1  2  3  4  5  7  8 10 11 12 13 14 15 16 17]
[ 0  1  2  3  4  5  7  8 10 11 12 13 14 15 16 17]
[ 0  1  2  3  4  5  7  8 10 12 13 14 15 16 17]
[ 0  1  2  3  4  5  7  8 10 11 12 13 14 15 16 17]
[ 0  1  2  3  4  5  7  8 10 11 12 13 14 15 16 17]
[ 0  1  2  3  4  5  7  8 10 11 12 13 14 15 16 17]
[ 0  1  3  5  7  8 10 11 12 13 14 15 16 17]
[ 0  1  2  3  4  7  8 10 11 12 13 14 15 16 17]
[ 0  1  2  3  5  7  8 10 11 12 13 14 15 16 17]
[ 0  1  2  3  4  5  7  8 10 12 13 14 15 16 17]
[ 0  1  2  3  4  5  7  8 10 11 12 13 14 15 16 17]
[ 0  1  2  3  4  5  7  8 10 11 12 13 14 15 16 17]
[ 0  1  2  3  4  5  7  8 10 11 12 13 14 15 16 17]
[ 0  1  2  3  4  5  7  8 10 11 12 13 14 15 16 17]
[ 0  1  2  3  4  5  7  8 10 11 12 13 14 15 16 17]
[ 0  1  2  3  4  5  7  8 10 11 12 13 14 15 16 17]
[ 0  1  2  3  4  5  7  8 10 11 12 13 14 15 16 17]
[ 0  1  2  3  4  5  7  8 10 12 13 14 15 16 17]
[ 0  1  2  3  4  5  7  8 10 11 12 13 14 15 16 17]
[ 0  1  2  3  4  5  7  8 10 11 12 13 14 15 16 17]
[ 0  1  2  3  4  5  7  8 10 11 12 13 14 15 16 17]
[ 0  1  2  3  4  5  7  8 10 11 12 13 14 15 16 17]
[ 0  1  2  3  4  5  7  8 10 11 12 13 14 15 16 17]
[ 0  1  2  3  4  5  7  8 10 11 12 13 14 15 16 17]
[ 0  1  2  3  4  5  7  8 10 11 12 13 14 15 16 17]
[ 0  1  2  3  7  8 10 11 12 13 14 15 16 17]
[ 0  1  2  3  4  5  7  8 10 11 12 13 14 15 16 17]
[ 0  1  2  3  4  5  7  8 10 12 13 14 15 16 17]
[ 0  1  2  3  4  5  7  8 10 11 12 13 14 15 16 17]
[ 0  1  2  3  4  5  7  8 10 11 12 13 14 15 16 17]
[ 0  1  2  3  4  5  7  8 10 11 12 13 14 15 16 17]
[ 0  1  2  3  4  5  7  8 10 11 12 13 14 15 16 17]
[ 0  1  2  3  4  5  7  8 10 12 13 14 15 16 17]
[ 0  1  2  3  4  5  7  8 10 11 12 13 14 15 16 17]
[ 0  1  2  3  4  5  7  8 10 12 13 14 15 16 17]
[ 0  1  2  3  7  8 10 11 12 13 14 15 16 17]
[ 0  1  2  3  4  5  7  8 10 11 12 13 14 15 16 17]
[ 0  1  2  3  7  8 10 12 13 14 15 16 17]
[ 0  1  2  3  7  8 10 12 13 14 15 16 17]
[ 0  1  2  3  4  5  7  8 10 11 12 13 14 15 16 17]
[ 0  1  2  3  4  5  7  8 10 11 12 13 14 15 16 17]
[ 0  1  2  3  4  5  7  8 10 11 12 13 14 15 16 17]
[ 0  1  2  3  4  5  7  8 10 11 12 13 14 15 16 17]
[ 0  1  2  3  4  5  7  8 10 11 12 13 14 15 16 17]
[ 0  1  2  3  4  5  7  8 10 11 12 13 14 15 16 17]
[ 0  1  2  3  4  5  7  8 10 11 12 13 14 15 16 17]
[ 0  1  2  3  4  5  7  8 10 11 12 13 14 15 16 17]
[ 0  1  2  3  4  5  7  8 10 11 12 13 14 15 16 17]
[ 0  1  2  3  7  8 10 11 12 13 14 15 16 17]
[ 0  1  2  3  4  5  7  8 10 11 12 13 14 15 16 17]
[ 0  1  2  3  4  5  7  8 10 11 12 13 14 15 16 17]
[ 0  1  2  3  4  5  7  8 10 11 12 13 14 15 16 17]
[ 0  1  2  3  4  5  7  8 10 11 12 13 14 15 16 17]
[ 0  1  2  3  4  5  7  8 10 11 12 13 14 15 16 17]
[ 0  1  2  3  4  5  7  8 10 11 12 13 14 15 16 17]
[ 0  1  2  3  4  5  7  8 10 11 12 13 14 15 16 17]
[ 0  1  2  3  4  5  7  8 10 11 12 13 14 15 16 17]
[ 0  1  2  3  4  5  7  8 10 11 12 13 14 15 16 17]
[ 0  1  2  3  4  5  7  8 10 11 12 13 14 15 16 17]
[ 0  1  2  3  4  5  7  8 10 11 12 13 14 15 16 17]
[ 0  1  2  3  4  5  7  8 10 11 12 13 14 15 16 17]
[ 0  1  2  3  4  5  7  8 10 11 12 13 14 15 16 17]
[ 0  1  3  5  7  8 10 11 12 13 14 15 16 17]
[ 0  1  2  3  4  7  8 10 11 12 13 14 15 16 17]
[ 0  1  2  3  4  5  7  8 10 11 12 13 14 15 16 17]
[ 0  1  2  3  7  8 10 11 12 13 14 15 16 17]
[ 0  1  2  3  7  8 10 12 13 14 15 16 17]
[ 0  1  2  3  4  5  7  8 10 11 12 13 14 15 16 17]
[ 0  1  2  3  4  7  8 10 11 12 13 14 15 16 17]
[ 0  1  2  3  5  7  8 10 11 12 13 14 15 16 17]
[ 0  1  2  3  4  5  7  8 10 11 12 13 14 15 16 17]
[ 0  1  2  3  4  5  7  8 10 11 12 13 14 15 16 17]
[ 0  1  2  3  4  5  7  8 10 11 12 13 14 15 16 17]
[ 0  1  2  3  7  8 10 11 12 13 14 15 16 17]
[ 0  1  2  3  4  5  7  8 10 11 12 13 14 15 16 17]
[ 0  1  2  3  4  5  7  8 10 11 12 13 14 15 16 17]
[ 0  1  2  3  4  5  7  8 10 11 12 13 14 15 16 17]
[ 0  1  2  3  4  5  7  8 10 11 12 13 14 15 16 17]
[ 0  1  2  3  4  5  7  8 10 11 12 13 14 15 16 17]
[ 0  1  2  3  5  7  8 10 11 12 13 14 15 16 17]
[ 0  1  2  3  4  5  7  8 10 11 12 13 14 15 16 17]
[ 0  1  2  3  4  5  7  8 10 11 12 13 14 15 16 17]
[ 0  1  2  3  4  5  7  8 10 11 12 13 14 15 16 17]
[ 0  1  2  3  4  5  7  8 10 12 13 14 15 16 17]
[ 0  1  2  3  5  7  8 10 11 12 13 14 15 16 17]
[ 0  1  2  3  4  5  7  8 10 11 12 13 14 15 16 17]
[ 0  1  2  3  4  5  7  8 10 11 12 13 14 15 16 17]
[ 0  1  2  3  4  5  7  8 10 11 12 13 14 15 16 17]
[ 0  1  2  3  7  8 10 11 12 13 14 15 16 17]
[ 0  1  2  3  4  5  7  8 10 11 12 13 14 15 16 17]
[ 0  1  2  3  4  5  7  8 10 11 12 13 14 15 16 17]
[ 0  1  2  3  4  5  7  8 10 11 12 13 14 15 16 17]
[ 0  1  2  3  4  7  8 10 11 12 13 14 15 16 17]
[ 0  1  2  3  4  5  7  8 10 11 12 13 14 15 16 17]
[ 0  1  2  3  4  5  7  8 10 11 12 13 14 15 16 17]
[ 0  1  2  3  7  8 10 11 12 13 14 15 16 17]
[ 0  1  2  3  4  5  7  8 10 12 13 14 15 16 17]
[ 0  1  2  3  4  5  7  8 10 11 12 13 14 15 16 17]
[ 0  1  2  3  4  5  7  8 10 11 12 13 14 15 16 17]
[ 0  1  2  3  4  5  7  8 10 11 12 13 14 15 16 17]
[ 0  1  2  3  4  5  7  8 10 11 12 13 14 15 16 17]
[ 0  1  2  3  4  5  7  8 10 11 12 13 14 15 16 17]
[ 0  1  2  3  4  7  8 10 11 12 13 14 15 16 17]
[ 0  1  2  3  4  5  7  8 10 12 13 14 15 16 17]
[ 0  1  2  3  4  5  7  8 10 11 12 13 14 15 16 17]
[ 0  1  2  3  4  5  7  8 10 11 12 13 14 15 16 17]
[ 0  1  2  3  4  5  7  8 10 11 12 13 14 15 16 17]
[ 0  1  2  3  4  5  7  8 10 11 12 13 14 15 16 17]
[ 0  1  2  3  4  5  7  8 10 11 12 13 14 15 16 17]
[ 0  1  2  3  5  7  8 10 11 12 13 14 15 16 17]
[ 0  1  2  3  4  5  7  8 10 11 12 13 14 15 16 17]
[ 0  1  2  3  4  5  7  8 10 11 12 13 14 15 16 17]
[ 0  1  2  3  4  5  7  8 10 12 13 14 15 16 17]
[ 0  1  2  3  4  5  7  8 10 11 12 13 14 15 16 17]
[ 0  1  3  5  7  8 10 12 13 14 15 16 17]
[ 0  1  2  3  4  5  7  8 10 11 12 13 14 15 16 17]
[ 0  1  2  3  4  5  7  8 10 11 12 13 14 15 16 17]
[ 0  1  2  3  4  5  7  8 10 12 13 14 15 16 17]
[ 0  1  2  3  4  5  7  8 10 12 13 14 15 16 17]
[ 0  1  2  3  4  5  7  8 10 11 12 13 14 15 16 17]
[ 0  1  2  3  4  5  7  8 10 11 12 13 14 15 16 17]
[ 0  1  2  3  4  5  7  8 10 12 13 14 15 16 17]
[ 0  1  2  3  4  5  7  8 10 11 12 13 14 15 16 17]
[ 0  1  2  3  4  5  7  8 10 11 12 13 14 15 16 17]
[ 0  1  2  3  4  5  7  8 10 12 13 14 15 16 17]
[ 0  1  2  3  4  5  7  8 10 11 12 13 14 15 16 17]
[ 0  1  2  3  4  5  7  8 10 11 12 13 14 15 16 17]
[ 0  1  2  3  4  5  7  8 10 11 12 13 14 15 16 17]
[ 0  1  2  3  4  5  7  8 10 11 12 13 14 15 16 17]
[ 0  1  2  3  4  7  8 10 12 13 14 15 16 17]
[ 0  1  2  3  4  5  7  8 10 12 13 14 15 16 17]
[ 0  1  2  3  4  5  7  8 10 11 12 13 14 15 16 17]
[ 0  1  2  3  4  5  7  8 10 11 12 13 14 15 16 17]
[ 0  1  2  3  4  5  7  8 10 11 12 13 14 15 16 17]
[ 0  1  2  3  4  5  7  8 10 11 12 13 14 15 16 17]
[ 0  1  2  3  4  5  7  8 10 11 12 13 14 15 16 17]
[ 0  1  2  3  4  5  7  8 10 11 12 13 14 15 16 17]
[ 0  1  2  3  4  5  7  8 10 11 12 13 14 15 16 17]
[ 0  1  2  3  4  5  7  8 10 12 13 14 15 16 17]
[ 0  1  2  3  7  8 10 11 12 13 14 15 16 17]
[ 0  1  2  3  4  5  7  8 10 11 12 13 14 15 16 17]
[ 0  1  2  3  4  5  7  8 10 11 12 13 14 15 16 17]
[ 0  1  2  3  4  5  7  8 10 11 12 13 14 15 16 17]
[ 0  1  2  3  4  5  7  8 10 11 12 13 14 15 16 17]
[ 0  1  2  3  4  5  7  8 10 11 12 13 14 15 16 17]
[ 0  1  2  3  4  5  7  8 10 11 12 13 14 15 16 17]
[ 0  1  2  3  4  5  7  8 10 11 12 13 14 15 16 17]
[ 0  1  2  3  4  5  7  8 10 11 12 13 14 15 16 17]
[ 0  1  2  3  4  5  7  8 10 12 13 14 15 16 17]
[ 0  1  2  3  4  5  7  8 10 11 12 13 14 15 16 17]
[ 0  1  2  3  4  5  7  8 10 11 12 13 14 15 16 17]
[ 0  1  2  3  4  5  7  8 10 11 12 13 14 15 16 17]
[ 0  1  2  3  4  5  7  8 10 11 12 13 14 15 16 17]
[ 0  1  2  3  4  5  7  8 10 11 12 13 14 15 16 17]
[ 0  1  2  3  4  5  7  8 10 11 12 13 14 15 16 17]
[ 0  1  2  3  4  5  7  8 10 11 12 13 14 15 16 17]
[ 0  1  2  3  4  5  7  8 10 11 12 13 14 15 16 17]
[ 0  1  2  3  4  5  7  8 10 11 12 13 14 15 16 17]
[ 0  1  2  3  4  5  7  8 10 11 12 13 14 15 16 17]
[ 0  1  2  3  5  7  8 10 11 12 13 14 15 16 17]
[ 0  1  2  3  4  5  7  8 10 11 12 13 14 15 16 17]
[ 0  1  2  3  4  5  7  8 10 11 12 13 14 15 16 17]
[ 0  1  2  3  7  8 10 11 12 13 14 15 16 17]
[ 0  1  2  3  4  5  7  8 10 11 12 13 14 15 16 17]
[ 0  1  2  3  4  5  7  8 10 11 12 13 14 15 16 17]
[ 0  1  2  3  4  5  7  8 10 11 12 13 14 15 16 17]
[ 0  1  2  3  4  5  7  8 10 11 12 13 14 15 16 17]
[ 0  1  2  3  4  5  7  8 10 11 12 13 14 15 16 17]
[ 0  1  2  3  4  5  7  8 10 11 12 13 14 15 16 17]
[ 0  1  2  3  7  8 10 12 13 14 15 16 17]
[ 0  1  2  3  4  5  7  8 10 12 13 14 15 16 17]
[ 0  1  2  3  4  7  8 10 11 12 13 14 15 16 17]
[ 0  1  2  3  4  5  7  8 10 11 12 13 14 15 16 17]
[ 0  1  2  3  4  5  7  8 10 11 12 13 14 15 16 17]
[ 0  1  2  3  4  5  7  8 10 11 12 13 14 15 16 17]
[ 0  1  2  3  4  5  7  8 10 11 12 13 14 15 16 17]
[ 0  1  2  3  4  5  7  8 10 11 12 13 14 15 16 17]
[ 0  1  2  3  4  5  7  8 10 11 12 13 14 15 16 17]
[ 0  1  2  3  5  7  8 10 11 12 13 14 15 16 17]
[ 0  1  2  3  4  5  7  8 10 11 12 13 14 15 16 17]
[ 0  1  2  3  4  5  7  8 10 11 12 13 14 15 16 17]
[ 0  1  2  3  4  5  7  8 10 11 12 13 14 15 16 17]
[ 0  1  2  3  4  5  7  8 10 11 12 13 14 15 16 17]
[ 0  1  2  3  7  8 10 12 13 14 15 16 17]
[ 0  1  2  3  4  5  7  8 10 12 13 14 15 16 17]
[ 0  1  2  3  4  5  7  8 10 12 13 14 15 16 17]
[ 0  1  2  3  4  5  7  8 10 11 12 13 14 15 16 17]
[ 0  1  2  3  4  5  7  8 10 11 12 13 14 15 16 17]
[ 0  1  2  3  4  5  7  8 10 11 12 13 14 15 16 17]
[ 0  1  2  3  4  5  7  8 10 11 12 13 14 15 16 17]
[ 0  1  3  5  7  8 10 11 12 13 14 15 16 17]
[ 0  1  2  3  4  5  7  8 10 11 12 13 14 15 16 17]
[ 0  1  2  3  4  5  7  8 10 11 12 13 14 15 16 17]
[ 0  1  2  3  4  5  7  8 10 11 12 13 14 15 16 17]
[ 0  1  2  3  4  5  7  8 10 11 12 13 14 15 16 17]
[ 0  1  2  3  4  7  8 10 11 12 13 14 15 16 17]
[ 0  1  2  3  4  5  7  8 10 11 12 13 14 15 16 17]
[ 0  1  2  3  4  5  7  8 10 11 12 13 14 15 16 17]
[ 0  1  2  3  4  5  7  8 10 12 13 14 15 16 17]
[ 0  1  2  3  4  5  7  8 10 11 12 13 14 15 16 17]
[ 0  1  2  3  7  8 10 11 12 13 14 15 16 17]
[ 0  1  2  3  7  8 10 12 13 14 15 16 17]
[ 0  1  2  3  4  5  7  8 10 11 12 13 14 15 16 17]
[ 0  1  2  3  4  5  7  8 10 11 12 13 14 15 16 17]
[ 0  1  2  3  4  5  7  8 10 12 13 14 15 16 17]
[ 0  1  2  3  4  5  7  8 10 11 12 13 14 15 16 17]
[ 0  1  2  3  4  5  7  8 10 11 12 13 14 15 16 17]
[ 0  1  2  3  4  5  7  8 10 11 12 13 14 15 16 17]
[ 0  1  2  3  4  5  7  8 10 11 12 13 14 15 16 17]
[ 0  1  2  3  4  5  7  8 10 11 12 13 14 15 16 17]
[ 0  1  2  3  4  5  7  8 10 12 13 14 15 16 17]
[ 0  1  2  3  4  5  7  8 10 11 12 13 14 15 16 17]
[ 0  1  2  3  4  5  7  8 10 11 12 13 14 15 16 17]
[ 0  1  2  3  4  5  7  8 10 11 12 13 14 15 16 17]
[ 0  1  2  3  4  5  7  8 10 12 13 14 15 16 17]
[ 0  1  2  3  4  5  7  8 10 12 13 14 15 16 17]
[ 0  1  2  3  4  5  7  8 10 11 12 13 14 15 16 17]
[ 0  1  2  3  4  5  7  8 10 11 12 13 14 15 16 17]
[ 0  1  2  3  4  5  7  8 10 11 12 13 14 15 16 17]
[ 0  1  2  3  4  5  7  8 10 12 13 14 15 16 17]
[ 0  1  2  3  4  5  7  8 10 12 13 14 15 16 17]
[ 0  1  2  3  7  8 10 11 12 13 14 15 16 17]
[ 0  1  2  3  4  7  8 10 11 12 13 14 15 16 17]
[ 0  1  2  3  4  5  7  8 10 11 12 13 14 15 16 17]
[ 0  1  2  3  4  5  7  8 10 12 13 14 15 16 17]
[ 0  1  2  3  4  5  7  8 10 11 12 13 14 15 16 17]
[ 0  1  2  3  4  5  7  8 10 11 12 13 14 15 16 17]
[ 0  1  2  3  5  7  8 10 11 12 13 14 15 16 17]
[ 0  1  2  3  4  5  7  8 10 11 12 13 14 15 16 17]
[ 0  1  2  3  4  5  7  8 10 11 12 13 14 15 16 17]
[ 0  1  2  3  4  5  7  8 10 11 12 13 14 15 16 17]
[ 0  1  2  3  4  5  7  8 10 12 13 14 15 16 17]
[ 0  1  2  3  7  8 10 11 12 13 14 15 16 17]
[ 0  1  2  3  4  5  7  8 10 11 12 13 14 15 16 17]
[ 0  1  2  3  4  5  7  8  9 10 11 12 13 14 15 16 17]
[ 0  1  2  3  4  5  7  8 10 11 12 13 14 15 16 17]
[ 0  1  2  3  4  5  7  8  9 10 11 12 13 14 15 16 17]
[ 0  1  2  3  4  5  7  8 10 12 13 14 15 16 17]
[ 0  1  2  3  4  5  7  8 10 11 12 13 14 15 16 17]
[ 0  1  2  3  4  7  8 10 11 12 13 14 15 16 17]
[ 0  1  2  3  4  5  7  8 10 11 12 13 14 15 16 17]
[ 0  1  2  3  4  5  7  8 10 11 12 13 14 15 16 17]
[ 0  1  2  3  7  8 10 12 13 14 15 16 17]
[ 0  1  2  3  4  5  7  8 10 11 12 13 14 15 16 17]
[ 0  1  2  3  4  5  7  8 10 12 13 14 15 16 17]
[ 0  1  2  3  4  5  7  8 10 11 12 13 14 15 16 17]
[ 0  1  2  3  4  5  7  8  9 10 12 13 14 15 16 17]
[ 0  1  2  3  4  5  7  8 10 12 13 14 15 16 17]
[ 0  1  2  3  4  5  7  8 10 12 13 14 15 16 17]
[ 0  1  2  3  4  5  7  8 10 11 12 13 14 15 16 17]
[ 0  1  2  3  4  5  7  8 10 12 13 14 15 16 17]
[ 0  1  2  3  4  5  7  8 10 11 12 13 14 15 16 17]
[ 0  1  2  3  4  5  7  8 10 11 12 13 14 15 16 17]
[ 0  1  2  3  5  7  8 10 11 12 13 14 15 16 17]
[ 0  1  2  3  4  5  7  8 10 12 13 14 15 16 17]
[ 0  1  2  3  5  7  8 10 11 12 13 14 15 16 17]
[ 0  1  2  3  4  5  7  8  9 10 12 13 14 15 16 17]
[ 0  1  2  3  4  5  7  8 10 11 12 13 14 15 16 17]
[ 0  1  2  3  4  5  7  8 10 11 12 13 14 15 16 17]
[ 0  1  2  3  4  5  7  8 10 11 12 13 14 15 16 17]
[ 0  1  2  3  4  5  7  8 10 12 13 14 15 16 17]
[ 0  1  2  3  4  5  7  8 10 11 12 13 14 15 16 17]
[ 0  1  2  3  4  5  7  8 10 11 12 13 14 15 16 17]
[ 0  1  2  3  4  5  7  8 10 11 12 13 14 15 16 17]
[ 0  1  2  3  4  5  7  8 10 11 12 13 14 15 16 17]
[ 0  1  2  3  7  8 10 11 12 13 14 15 16 17]
[ 0  1  2  3  4  5  7  8 10 11 12 13 14 15 16 17]
[ 0  1  2  3  4  5  7  8  9 10 12 13 14 15 16 17]
[ 0  1  2  3  4  5  7  8 10 11 12 13 14 15 16 17]
[ 0  1  2  3  4  5  7  8 10 12 13 14 15 16 17]
[ 0  1  2  3  4  5  7  8 10 11 12 13 14 15 16 17]
[ 0  1  2  3  4  5  7  8 10 12 13 14 15 16 17]
[ 0  1  2  3  4  5  7  8 10 11 12 13 14 15 16 17]
[ 0  1  2  3  4  5  7  8 10 12 13 14 15 16 17]
[ 0  1  2  3  4  5  7  8 10 11 12 13 14 15 16 17]
[ 0  1  2  3  4  5  7  8 10 11 12 13 14 15 16 17]
[ 0  1  2  3  4  5  7  8 10 11 12 13 14 15 16 17]
[ 0  1  2  3  4  5  7  8 10 11 12 13 14 15 16 17]
[ 0  1  2  3  7  8 10 11 12 13 14 15 16 17]
[ 0  1  2  3  5  7  8 10 11 12 13 14 15 16 17]
[ 0  1  2  3  4  5  7  8 10 11 12 13 14 15 16 17]
[ 0  1  2  3  7  8 10 11 12 13 14 15 16 17]
[ 0  1  2  3  4  5  7  8 10 12 13 14 15 16 17]
[ 0  1  2  3  4  5  7  8 10 11 12 13 14 15 16 17]
[ 0  1  2  3  4  5  7  8 10 11 12 13 14 15 16 17]
[ 0  1  2  3  4  5  7  8 10 11 12 13 14 15 16 17]
[ 0  1  2  3  4  5  7  8 10 11 12 13 14 15 16 17]
[ 0  1  2  3  4  5  7  8 10 12 13 14 15 16 17]
[ 0  1  2  3  4  5  7  8 10 11 12 13 14 15 16 17]
[ 0  1  2  3  4  5  7  8 10 11 12 13 14 15 16 17]
[ 0  1  2  3  4  5  7  8 10 11 12 13 14 15 16 17]
[ 0  1  2  3  4  5  7  8 10 11 12 13 14 15 16 17]
[ 0  1  2  3  4  5  7  8 10 11 12 13 14 15 16 17]
[ 0  1  2  3  7  8 10 11 12 13 14 15 16 17]
[ 0  1  2  3  7  8 10 11 12 13 14 15 16 17]
[ 0  1  2  3  4  5  7  8 10 11 12 13 14 15 16 17]
[ 0  1  2  3  4  5  7  8 10 12 13 14 15 16 17]
[ 0  1  2  3  4  5  7  8 10 11 12 13 14 15 16 17]
[ 0  1  2  3  4  5  7  8 10 11 12 13 14 15 16 17]
[ 0  1  2  3  4  5  7  8 10 11 12 13 14 15 16 17]
[ 0  1  2  3  4  7  8 10 11 12 13 14 15 16 17]
[ 0  1  2  3  7  8 10 11 12 13 14 15 16 17]
[ 0  1  2  3  4  7  8 10 11 12 13 14 15 16 17]
[ 0  1  2  3  4  5  7  8 10 11 12 13 14 15 16 17]
[ 0  1  2  3  4  5  7  8 10 11 12 13 14 15 16 17]
[ 0  1  2  3  4  5  7  8 10 11 12 13 14 15 16 17]
[ 0  1  2  3  4  5  7  8 10 11 12 13 14 15 16 17]
[ 0  1  2  3  4  5  7  8 10 11 12 13 14 15 16 17]
[ 0  1  2  3  4  5  7  8 10 12 13 14 15 16 17]
[ 0  1  2  3  7  8 10 11 12 13 14 15 16 17]
[ 0  1  2  3  4  5  7  8 10 11 12 13 14 15 16 17]
[ 0  1  2  3  4  5  7  8 10 11 12 13 14 15 16 17]
[ 0  1  2  3  4  5  7  8 10 11 12 13 14 15 16 17]
[ 0  1  2  3  4  5  7  8 10 11 12 13 14 15 16 17]
[ 0  1  2  3  4  5  7  8 10 12 13 14 15 16 17]
[ 0  1  2  3  4  5  7  8 10 12 13 14 15 16 17]
[ 0  1  2  3  4  5  7  8 10 11 12 13 14 15 16 17]
[ 0  1  2  3  4  5  7  8 10 11 12 13 14 15 16 17]
[ 0  1  2  3  4  5  7  8 10 11 12 13 14 15 16 17]
[ 0  1  2  3  4  5  7  8 10 11 12 13 14 15 16 17]
[ 0  1  2  3  4  5  7  8 10 11 12 13 14 15 16 17]
[ 0  1  2  3  4  5  7  8  9 10 11 12 13 14 15 16 17]
[ 0  1  2  3  4  5  7  8 10 11 12 13 14 15 16 17]
[ 0  1  2  3  4  7  8 10 12 13 14 15 16 17]
[ 0  1  2  3  4  5  7  8 10 12 13 14 15 16 17]
[ 0  1  2  3  4  5  7  8 10 12 13 14 15 16 17]
[ 0  1  2  3  4  5  7  8 10 12 13 14 15 16 17]
[ 0  1  2  3  7  8 10 11 12 13 14 15 16 17]
[ 0  1  2  3  4  5  7  8 10 11 12 13 14 15 16 17]
[ 0  1  2  3  4  5  7  8 10 11 12 13 14 15 16 17]
[ 0  1  2  3  7  8 10 11 12 13 14 15 16 17]
[ 0  1  2  3  4  5  7  8 10 11 12 13 14 15 16 17]
[ 0  1  2  3  4  5  7  8 10 11 12 13 14 15 16 17]
[ 0  1  2  3  4  5  7  8 10 11 12 13 14 15 16 17]
[ 0  1  2  3  4  5  7  8 10 11 12 13 14 15 16 17]
[ 0  1  2  3  4  5  7  8 10 11 12 13 14 15 16 17]
[ 0  1  2  3  4  5  7  8 10 11 12 13 14 15 16 17]
[ 0  1  2  3  5  7  8 10 11 12 13 14 15 16 17]
[ 0  1  2  3  4  5  7  8 10 11 12 13 14 15 16 17]
[ 0  1  2  3  4  5  7  8 10 11 12 13 14 15 16 17]
[ 0  1  2  3  4  5  7  8 10 12 13 14 15 16 17]
[ 0  1  2  3  4  5  7  8 10 11 12 13 14 15 16 17]
[ 0  1  2  3  4  5  7  8 10 12 13 14 15 16 17]
[ 0  1  2  3  4  5  7  8 10 11 12 13 14 15 16 17]
[ 0  1  2  3  4  5  7  8  9 10 11 12 13 14 15 16 17]
[ 0  1  2  3  4  5  7  8 10 11 12 13 14 15 16 17]
[ 0  1  2  3  4  5  7  8 10 11 12 13 14 15 16 17]
[ 0  1  2  3  4  5  7  8 10 11 12 13 14 15 16 17]
[ 0  1  3  5  7  8 10 11 12 13 14 15 16 17]
[ 0  1  2  3  4  5  7  8 10 11 12 13 14 15 16 17]
[ 0  1  2  3  5  7  8 10 11 12 13 14 15 16 17]
[ 0  1  2  3  7  8 10 12 13 14 15 16 17]
[ 0  1  2  3  4  5  7  8 10 11 12 13 14 15 16 17]
[ 0  1  2  3  4  5  7  8 10 11 12 13 14 15 16 17]
[ 0  1  2  3  4  5  7  8 10 11 12 13 14 15 16 17]
[ 0  1  2  3  4  5  7  8 10 11 12 13 14 15 16 17]
[ 0  1  2  3  4  5  7  8 10 11 12 13 14 15 16 17]
[ 0  1  2  3  4  5  7  8 10 12 13 14 15 16 17]
[ 0  1  2  3  4  5  7  8 10 11 12 13 14 15 16 17]
[ 0  1  2  3  4  5  7  8 10 11 12 13 14 15 16 17]
[ 0  1  2  3  4  5  7  8 10 11 12 13 14 15 16 17]
[ 0  1  2  3  4  5  7  8 10 11 12 13 14 15 16 17]
[ 0  1  2  3  4  5  7  8 10 11 12 13 14 15 16 17]
[ 0  1  2  3  4  5  7  8 10 12 13 14 15 16 17]
[ 0  1  2  3  4  5  7  8 10 11 12 13 14 15 16 17]
[ 0  1  2  3  7  8 10 11 12 13 14 15 16 17]
[ 0  1  2  3  4  5  7  8 10 11 12 13 14 15 16 17]
[ 0  1  3  5  7  8 10 11 12 13 14 15 16 17]
[ 0  1  2  3  4  5  7  8 10 11 12 13 14 15 16 17]
[ 0  1  2  3  4  5  7  8 10 11 12 13 14 15 16 17]
[ 0  1  2  3  4  5  7  8 10 11 12 13 14 15 16 17]
[ 0  1  2  3  4  5  7  8 10 12 13 14 15 16 17]
[ 0  1  2  3  4  5  7  8 10 11 12 13 14 15 16 17]
[ 0  1  2  3  4  5  7  8 10 11 12 13 14 15 16 17]
[ 0  1  2  3  4  5  7  8 10 11 12 13 14 15 16 17]
[ 0  1  2  3  4  5  7  8 10 11 12 13 14 15 16 17]
[ 0  1  2  3  4  7  8 10 11 12 13 14 15 16 17]
[ 0  1  2  3  4  5  7  8 10 11 12 13 14 15 16 17]
[ 0  1  2  3  4  5  7  8 10 11 12 13 14 15 16 17]
[ 0  1  2  3  4  5  7  8 10 11 12 13 14 15 16 17]
[ 0  1  2  3  4  5  7  8 10 11 12 13 14 15 16 17]
[ 0  1  2  3  4  5  7  8 10 11 12 13 14 15 16 17]
[ 0  1  2  3  4  5  7  8 10 11 12 13 14 15 16 17]
[ 0  1  2  3  4  5  7  8 10 11 12 13 14 15 16 17]
[ 0  1  2  3  4  5  7  8 10 11 12 13 14 15 16 17]
[ 0  1  3  5  7  8 10 12 13 14 15 16 17]
[ 0  1  2  3  4  7  8 10 11 12 13 14 15 16 17]
[ 0  1  2  3  4  5  7  8 10 11 12 13 14 15 16 17]
[ 0  1  2  3  4  5  7  8 10 12 13 14 15 16 17]
[ 0  1  2  3  4  5  7  8 10 11 12 13 14 15 16 17]
[ 0  1  2  3  4  5  7  8 10 11 12 13 14 15 16 17]
[ 0  1  2  3  4  5  7  8 10 11 12 13 14 15 16 17]
[ 0  1  2  3  4  5  7  8 10 11 12 13 14 15 16 17]
[ 0  1  2  3  4  5  7  8 10 11 12 13 14 15 16 17]
[ 0  1  2  3  4  5  7  8 10 11 12 13 14 15 16 17]
[ 0  1  2  3  4  5  7  8 10 12 13 14 15 16 17]
[ 0  1  2  3  4  5  7  8 10 11 12 13 14 15 16 17]
[ 0  1  2  3  4  5  7  8 10 11 12 13 14 15 16 17]
[ 0  1  3  5  7  8 10 11 12 13 14 15 16 17]
[ 0  1  2  3  7  8 10 11 12 13 14 15 16 17]
[ 0  1  2  3  4  5  7  8 10 12 13 14 15 16 17]
[ 0  1  2  3  4  5  7  8 10 12 13 14 15 16 17]
[ 0  1  2  3  7  8 10 11 12 13 14 15 16 17]
[ 0  1  2  3  4  5  7  8 10 11 12 13 14 15 16 17]
[ 0  1  2  3  4  5  7  8 10 11 12 13 14 15 16 17]
[ 0  1  2  3  4  5  7  8 10 12 13 14 15 16 17]
[ 0  1  2  3  4  5  7  8 10 12 13 14 15 16 17]
[ 0  1  2  3  4  5  7  8 10 11 12 13 14 15 16 17]
[ 0  1  2  3  4  5  7  8 10 12 13 14 15 16 17]
[ 0  1  2  3  4  5  7  8 10 11 12 13 14 15 16 17]
[ 0  1  2  3  4  5  7  8 10 11 12 13 14 15 16 17]
[ 0  1  2  3  4  5  7  8 10 11 12 13 14 15 16 17]
[ 0  1  2  3  4  5  7  8 10 11 12 13 14 15 16 17]
[ 0  1  2  3  4  5  7  8 10 12 13 14 15 16 17]
[ 0  1  2  3  4  5  7  8 10 11 12 13 14 15 16 17]
[ 0  1  2  3  4  5  7  8 10 11 12 13 14 15 16 17]
[ 0  1  2  3  4  5  7  8 10 11 12 13 14 15 16 17]
[ 0  1  2  3  4  5  7  8 10 11 12 13 14 15 16 17]
[ 0  1  2  3  4  5  7  8 10 12 13 14 15 16 17]
[ 0  1  2  3  4  5  7  8 10 12 13 14 15 16 17]
[ 0  1  2  3  4  5  7  8 10 11 12 13 14 15 16 17]
[ 0  1  2  3  4  5  7  8 10 12 13 14 15 16 17]
[ 0  1  2  3  4  5  7  8 10 11 12 13 14 15 16 17]
[ 0  1  2  3  4  5  7  8 10 11 12 13 14 15 16 17]
[ 0  1  2  3  4  5  7  8 10 11 12 13 14 15 16 17]
[ 0  1  2  3  4  7  8 10 11 12 13 14 15 16 17]
[ 0  1  2  3  4  5  7  8 10 11 12 13 14 15 16 17]
[ 0  1  2  3  7  8 10 11 12 13 14 15 16 17]
[ 0  1  2  3  4  5  7  8 10 12 13 14 15 16 17]
[ 0  1  2  3  4  5  7  8 10 11 12 13 14 15 16 17]
[ 0  1  2  3  4  5  7  8 10 11 12 13 14 15 16 17]
[ 0  1  2  3  7  8 10 11 12 13 14 15 16 17]
[ 0  1  2  3  4  5  7  8 10 11 12 13 14 15 16 17]
[ 0  1  2  3  4  5  7  8 10 11 12 13 14 15 16 17]
[ 0  1  3  5  7  8 10 11 12 13 14 15 16 17]
[ 0  1  2  3  4  5  7  8 10 11 12 13 14 15 16 17]
[ 0  1  2  3  4  5  7  8 10 11 12 13 14 15 16 17]
[ 0  1  2  3  4  5  7  8 10 11 12 13 14 15 16 17]
[ 0  1  2  3  4  5  7  8 10 12 13 14 15 16 17]
[ 0  1  2  3  4  5  7  8 10 11 12 13 14 15 16 17]
[ 0  1  2  3  4  5  7  8 10 11 12 13 14 15 16 17]
[ 0  1  2  3  4  5  7  8 10 11 12 13 14 15 16 17]
[ 0  1  2  3  4  7  8 10 11 12 13 14 15 16 17]
[ 0  1  2  3  4  5  7  8 10 11 12 13 14 15 16 17]
[ 0  1  2  3  4  5  7  8 10 11 12 13 14 15 16 17]
[ 0  1  2  3  4  5  7  8 10 11 12 13 14 15 16 17]
[ 0  1  2  3  5  7  8 10 11 12 13 14 15 16 17]
[ 0  1  2  3  4  5  7  8 10 11 12 13 14 15 16 17]
[ 0  1  2  3  4  5  7  8 10 11 12 13 14 15 16 17]
[ 0  1  2  3  5  7  8 10 11 12 13 14 15 16 17]
[ 0  1  2  3  4  5  7  8 10 11 12 13 14 15 16 17]
[ 0  1  2  3  4  5  7  8 10 11 12 13 14 15 16 17]
[ 0  1  2  3  4  5  7  8 10 11 12 13 14 15 16 17]
[ 0  1  2  3  4  5  7  8 10 11 12 13 14 15 16 17]
[ 0  1  2  3  4  5  7  8 10 11 12 13 14 15 16 17]
[ 0  1  2  3  4  5  7  8 10 11 12 13 14 15 16 17]
[ 0  1  2  3  4  5  7  8 10 11 12 13 14 15 16 17]
[ 0  1  2  3  7  8 10 11 12 13 14 15 16 17]
[ 0  1  2  3  4  5  7  8 10 11 12 13 14 15 16 17]
[ 0  1  2  3  4  5  7  8 10 11 12 13 14 15 16 17]
[ 0  1  2  3  4  5  7  8 10 11 12 13 14 15 16 17]
[ 0  1  2  3  4  5  7  8 10 12 13 14 15 16 17]
[ 0  1  2  3  4  5  7  8 10 11 12 13 14 15 16 17]
[ 0  1  2  3  7  8 10 11 12 13 14 15 16 17]
[ 0  1  2  3  4  5  7  8 10 11 12 13 14 15 16 17]
[ 0  1  2  3  4  5  7  8 10 11 12 13 14 15 16 17]
[ 0  1  2  3  4  5  7  8 10 11 12 13 14 15 16 17]
[ 0  1  2  3  4  5  7  8 10 12 13 14 15 16 17]
[ 0  1  2  3  4  5  7  8 10 11 12 13 14 15 16 17]
[ 0  1  2  3  4  5  7  8 10 11 12 13 14 15 16 17]
[ 0  1  2  3  4  5  7  8 10 11 12 13 14 15 16 17]
[ 0  1  2  3  4  5  7  8 10 12 13 14 15 16 17]
[ 0  1  2  3  4  5  7  8 10 12 13 14 15 16 17]
[ 0  1  2  3  4  5  7  8 10 12 13 14 15 16 17]
[ 0  1  2  3  4  5  7  8 10 11 12 13 14 15 16 17]
[ 0  1  2  3  4  5  7  8 10 12 13 14 15 16 17]
[ 0  1  2  3  4  5  7  8 10 11 12 13 14 15 16 17]
[ 0  1  2  3  5  7  8 10 11 12 13 14 15 16 17]
[ 0  1  2  3  4  5  7  8 10 11 12 13 14 15 16 17]
[ 0  1  2  3  4  7  8 10 11 12 13 14 15 16 17]
[ 0  1  2  3  4  5  7  8 10 11 12 13 14 15 16 17]
[ 0  1  2  3  4  5  7  8 10 11 12 13 14 15 16 17]
[ 0  1  2  3  4  5  7  8 10 11 12 13 14 15 16 17]
[ 0  1  2  3  4  5  7  8 10 11 12 13 14 15 16 17]
[ 0  1  2  3  4  5  7  8 10 11 12 13 14 15 16 17]
[ 0  1  2  3  4  5  7  8 10 11 12 13 14 15 16 17]
[ 0  1  2  3  4  5  7  8 10 11 12 13 14 15 16 17]
[ 0  1  3  5  7  8 10 11 12 13 14 15 16 17]
[ 0  1  2  3  4  5  7  8 10 11 12 13 14 15 16 17]
[ 0  1  2  3  4  5  7  8 10 11 12 13 14 15 16 17]
[ 0  1  2  3  4  7  8 10 11 12 13 14 15 16 17]
[ 0  1  2  3  4  7  8 10 11 12 13 14 15 16 17]
[ 0  1  2  3  7  8 10 11 12 13 14 15 16 17]
[ 0  1  2  3  7  8 10 11 12 13 14 15 16 17]
[ 0  1  2  3  4  5  7  8 10 11 12 13 14 15 16 17]
[ 0  1  2  3  7  8 10 12 13 14 15 16 17]
[ 0  1  2  3  4  5  7  8 10 11 12 13 14 15 16 17]
[ 0  1  2  3  4  5  7  8 10 11 12 13 14 15 16 17]
[ 0  1  2  3  4  5  7  8 10 11 12 13 14 15 16 17]
[ 0  1  2  3  4  5  7  8 10 11 12 13 14 15 16 17]
[ 0  1  2  3  7  8 10 11 12 13 14 15 16 17]
[ 0  1  2  3  4  5  7  8 10 12 13 14 15 16 17]
[ 0  1  2  3  4  5  7  8 10 11 12 13 14 15 16 17]
[ 0  1  2  3  4  5  7  8 10 11 12 13 14 15 16 17]
[ 0  1  2  3  4  5  7  8 10 12 13 14 15 16 17]
[ 0  1  2  3  4  5  7  8 10 11 12 13 14 15 16 17]
[ 0  1  2  3  4  5  7  8 10 12 13 14 15 16 17]
[ 0  1  2  3  4  5  7  8 10 11 12 13 14 15 16 17]
[ 0  1  2  3  4  5  7  8 10 12 13 14 15 16 17]
[ 0  1  2  3  4  5  7  8 10 11 12 13 14 15 16 17]
[ 0  1  2  3  4  5  7  8 10 12 13 14 15 16 17]
[ 0  1  2  3  4  5  7  8 10 11 12 13 14 15 16 17]
[ 0  1  2  3  4  5  7  8 10 11 12 13 14 15 16 17]
[ 0  1  2  3  4  5  7  8 10 11 12 13 14 15 16 17]
[ 0  1  2  3  7  8 10 11 12 13 14 15 16 17]
[ 0  1  2  3  4  5  7  8 10 11 12 13 14 15 16 17]
[ 0  1  2  3  4  5  7  8 10 11 12 13 14 15 16 17]
[ 0  1  2  3  4  5  7  8 10 11 12 13 14 15 16 17]
[ 0  1  2  3  4  5  7  8 10 11 12 13 14 15 16 17]
[ 0  1  2  3  4  5  7  8 10 12 13 14 15 16 17]
[ 0  1  2  3  7  8 10 11 12 13 14 15 16 17]
[ 0  1  2  3  4  5  7  8 10 12 13 14 15 16 17]
[ 0  1  2  3  4  5  7  8 10 11 12 13 14 15 16 17]
[ 0  1  2  3  4  5  7  8 10 11 12 13 14 15 16 17]
[ 0  1  2  3  4  5  7  8 10 11 12 13 14 15 16 17]
[ 0  1  2  3  4  5  7  8 10 11 12 13 14 15 16 17]
[ 0  1  2  3  4  5  7  8 10 11 12 13 14 15 16 17]
[ 0  1  2  3  5  7  8 10 11 12 13 14 15 16 17]
[ 0  1  2  3  4  5  7  8 10 11 12 13 14 15 16 17]
[ 0  1  2  3  7  8 10 11 12 13 14 15 16 17]
[ 0  1  2  3  4  5  7  8 10 11 12 13 14 15 16 17]
[ 0  1  2  3  4  5  7  8 10 11 12 13 14 15 16 17]
[ 0  1  2  3  4  5  7  8 10 11 12 13 14 15 16 17]
[ 0  1  2  3  4  5  7  8 10 11 12 13 14 15 16 17]
[ 0  1  2  3  4  5  7  8 10 11 12 13 14 15 16 17]
[ 0  1  2  3  4  5  7  8 10 11 12 13 14 15 16 17]
[ 0  1  2  3  4  5  7  8 10 11 12 13 14 15 16 17]
[ 0  1  2  3  4  5  7  8 10 11 12 13 14 15 16 17]
[ 0  1  2  3  4  5  7  8 10 11 12 13 14 15 16 17]
[ 0  1  2  3  4  5  7  8 10 11 12 13 14 15 16 17]
[ 0  1  2  3  7  8 10 11 12 13 14 15 16 17]
[ 0  1  3  5  7  8 10 11 12 13 14 15 16 17]
[ 0  1  2  3  4  5  7  8 10 11 12 13 14 15 16 17]
[ 0  1  2  3  4  5  7  8 10 11 12 13 14 15 16 17]
[ 0  1  2  3  4  5  7  8 10 11 12 13 14 15 16 17]
[ 0  1  2  3  4  5  7  8 10 11 12 13 14 15 16 17]
[ 0  1  2  3  4  5  7  8 10 11 12 13 14 15 16 17]
[ 0  1  2  3  4  5  7  8 10 11 12 13 14 15 16 17]
[ 0  1  2  3  4  5  7  8 10 11 12 13 14 15 16 17]
[ 0  1  2  3  4  5  7  8 10 11 12 13 14 15 16 17]
[ 0  1  2  3  4  5  7  8 10 11 12 13 14 15 16 17]
[ 0  1  2  3  4  5  7  8 10 11 12 13 14 15 16 17]
[ 0  1  2  3  4  5  7  8 10 11 12 13 14 15 16 17]
[ 0  1  2  3  4  5  7  8 10 11 12 13 14 15 16 17]
[ 0  1  2  3  4  5  7  8 10 12 13 14 15 16 17]
[ 0  1  2  3  4  5  7  8 10 12 13 14 15 16 17]
[ 0  1  2  3  4  5  7  8 10 11 12 13 14 15 16 17]
[ 0  1  2  3  4  5  7  8 10 11 12 13 14 15 16 17]
[ 0  1  2  3  4  5  7  8  9 10 11 12 13 14 15 16 17]
[ 0  1  2  3  4  5  7  8 10 11 12 13 14 15 16 17]
[ 0  1  2  3  4  5  7  8 10 12 13 14 15 16 17]
[ 0  1  2  3  4  5  7  8 10 11 12 13 14 15 16 17]
[ 0  1  2  3  7  8 10 11 12 13 14 15 16 17]
[ 0  1  2  3  4  5  7  8 10 11 12 13 14 15 16 17]
[ 0  1  2  3  4  5  7  8 10 12 13 14 15 16 17]
[ 0  1  2  3  4  5  7  8 10 11 12 13 14 15 16 17]
[ 0  1  2  3  4  5  7  8 10 12 13 14 15 16 17]
[ 0  1  2  3  4  5  7  8 10 11 12 13 14 15 16 17]
[ 0  1  2  3  4  5  7  8 10 12 13 14 15 16 17]
[ 0  1  2  3  7  8 10 11 12 13 14 15 16 17]
[ 0  1  2  3  7  8 10 11 12 13 14 15 16 17]
[ 0  1  2  3  4  5  7  8 10 11 12 13 14 15 16 17]
[ 0  1  2  3  4  5  7  8 10 11 12 13 14 15 16 17]
[ 0  1  2  3  4  7  8 10 11 12 13 14 15 16 17]
[ 0  1  2  3  4  5  7  8 10 11 12 13 14 15 16 17]
[ 0  1  2  3  5  7  8 10 11 12 13 14 15 16 17]
[ 0  1  2  3  4  5  7  8 10 11 12 13 14 15 16 17]
[ 0  1  2  3  4  5  7  8 10 11 12 13 14 15 16 17]
[ 0  1  2  3  4  5  7  8 10 12 13 14 15 16 17]
[ 0  1  2  3  4  5  7  8 10 12 13 14 15 16 17]
[ 0  1  2  3  4  5  7  8 10 12 13 14 15 16 17]
[ 0  1  2  3  4  5  7  8 10 11 12 13 14 15 16 17]
[ 0  1  2  3  7  8 10 11 12 13 14 15 16 17]
[ 0  1  2  3  4  5  7  8 10 11 12 13 14 15 16 17]
[ 0  1  2  3  5  7  8 10 11 12 13 14 15 16 17]
[ 0  1  2  3  4  7  8 10 11 12 13 14 15 16 17]
[ 0  1  2  3  4  5  7  8 10 11 12 13 14 15 16 17]
[ 0  1  2  3  4  5  7  8 10 12 13 14 15 16 17]
[ 0  1  2  3  7  8 10 11 12 13 14 15 16 17]
[ 0  1  2  3  4  5  7  8 10 11 12 13 14 15 16 17]
[ 0  1  2  3  4  5  7  8 10 11 12 13 14 15 16 17]
[ 0  1  2  3  4  5  7  8 10 11 12 13 14 15 16 17]
[ 0  1  2  3  4  5  7  8 10 11 12 13 14 15 16 17]
[ 0  1  2  3  4  5  7  8 10 11 12 13 14 15 16 17]
[ 0  1  2  3  4  5  7  8 10 11 12 13 14 15 16 17]
[ 0  1  2  3  4  5  7  8 10 11 12 13 14 15 16 17]
[ 0  1  2  3  4  5  7  8 10 11 12 13 14 15 16 17]
[ 0  1  2  3  4  5  7  8 10 12 13 14 15 16 17]
[ 0  1  2  3  4  5  7  8 10 11 12 13 14 15 16 17]
[ 0  1  2  3  4  5  7  8 10 11 12 13 14 15 16 17]
[ 0  1  2  3  4  5  7  8 10 11 12 13 14 15 16 17]
[ 0  1  2  3  4  5  7  8 10 11 12 13 14 15 16 17]
[ 0  1  2  3  4  5  7  8 10 12 13 14 15 16 17]
[ 0  1  2  3  7  8 10 12 13 14 15 16 17]
[ 0  1  2  3  4  5  7  8 10 11 12 13 14 15 16 17]
[ 0  1  2  3  4  5  7  8 10 11 12 13 14 15 16 17]
[ 0  1  2  3  7  8 10 11 12 13 14 15 16 17]
[ 0  1  2  3  4  7  8 10 11 12 13 14 15 16 17]
[ 0  1  2  3  7  8 10 11 12 13 14 15 16 17]
[ 0  1  2  3  5  7  8 10 11 12 13 14 15 16 17]
[ 0  1  2  3  4  5  7  8 10 12 13 14 15 16 17]
[ 0  1  3  5  7  8 10 11 12 13 14 15 16 17]
[ 0  1  2  3  4  5  7  8 10 11 12 13 14 15 16 17]
[ 0  1  2  3  4  5  7  8 10 11 12 13 14 15 16 17]
[ 0  1  2  3  4  5  7  8 10 12 13 14 15 16 17]
[ 0  1  2  3  4  5  7  8 10 11 12 13 14 15 16 17]
[ 0  1  2  3  5  7  8 10 11 12 13 14 15 16 17]
[ 0  1  2  3  4  5  7  8 10 11 12 13 14 15 16 17]
[ 0  1  2  3  4  5  7  8 10 12 13 14 15 16 17]
[ 0  1  2  3  4  5  7  8 10 11 12 13 14 15 16 17]
[ 0  1  2  3  4  5  7  8 10 12 13 14 15 16 17]
[ 0  1  2  3  4  5  7  8 10 11 12 13 14 15 16 17]
[ 0  1  2  3  4  5  7  8 10 11 12 13 14 15 16 17]
[ 0  1  2  3  5  7  8 10 12 13 14 15 16 17]
[ 0  1  2  3  4  5  7  8 10 12 13 14 15 16 17]
[ 0  1  2  3  4  5  7  8 10 11 12 13 14 15 16 17]
[ 0  1  2  3  4  5  7  8 10 11 12 13 14 15 16 17]
[ 0  1  2  3  4  5  7  8 10 11 12 13 14 15 16 17]
[ 0  1  2  3  4  5  7  8 10 11 12 13 14 15 16 17]
[ 0  1  2  3  4  5  7  8 10 11 12 13 14 15 16 17]
[ 0  1  2  3  4  5  7  8 10 11 12 13 14 15 16 17]
[ 0  1  2  3  4  5  7  8 10 11 12 13 14 15 16 17]
[ 0  1  2  3  4  5  7  8 10 11 12 13 14 15 16 17]
[ 0  1  2  3  7  8 10 11 12 13 14 15 16 17]
[ 0  1  2  3  4  5  7  8 10 11 12 13 14 15 16 17]
[ 0  1  2  3  7  8 10 11 12 13 14 15 16 17]
[ 0  1  2  3  4  5  7  8 10 11 12 13 14 15 16 17]
[ 0  1  2  3  4  5  7  8 10 11 12 13 14 15 16 17]
[ 0  1  2  3  7  8 10 11 12 13 14 15 16 17]
[ 0  1  2  3  4  5  7  8 10 11 12 13 14 15 16 17]
[ 0  1  2  3  4  5  7  8 10 11 12 13 14 15 16 17]
[ 0  1  2  3  4  5  7  8 10 12 13 14 15 16 17]
[ 0  1  2  3  4  5  7  8 10 11 12 13 14 15 16 17]
[ 0  1  2  3  4  5  7  8 10 11 12 13 14 15 16 17]
[ 0  1  2  3  4  5  7  8 10 11 12 13 14 15 16 17]
[ 0  1  2  3  4  5  7  8 10 11 12 13 14 15 16 17]
[ 0  1  2  3  7  8 10 11 12 13 14 15 16 17]
[ 0  1  2  3  4  5  7  8 10 11 12 13 14 15 16 17]
[ 0  1  2  3  4  7  8 10 11 12 13 14 15 16 17]
[ 0  1  2  3  4  5  7  8 10 11 12 13 14 15 16 17]
[ 0  1  2  3  7  8 10 11 12 13 14 15 16 17]
[ 0  1  2  3  7  8 10 11 12 13 14 15 16 17]
[ 0  1  2  3  4  5  7  8 10 12 13 14 15 16 17]
[ 0  1  2  3  4  5  7  8 10 12 13 14 15 16 17]
[ 0  1  2  3  4  5  7  8 10 11 12 13 14 15 16 17]
[ 0  1  3  5  7  8 10 11 12 13 14 15 16 17]
[ 0  1  2  3  7  8 10 11 12 13 14 15 16 17]
[ 0  1  2  3  4  5  7  8 10 11 12 13 14 15 16 17]
[ 0  1  2  3  4  5  7  8 10 11 12 13 14 15 16 17]
[ 0  1  2  3  4  5  7  8 10 11 12 13 14 15 16 17]
[ 0  1  2  3  4  5  7  8 10 11 12 13 14 15 16 17]
[ 0  1  2  3  7  8 10 12 13 14 15 16 17]
[ 0  1  2  3  4  5  7  8 10 11 12 13 14 15 16 17]
[ 0  1  2  3  4  5  7  8 10 11 12 13 14 15 16 17]
[ 0  1  2  3  7  8 10 12 13 14 15 16 17]
[ 0  1  2  3  4  5  7  8 10 11 12 13 14 15 16 17]
[ 0  1  2  3  4  5  7  8 10 11 12 13 14 15 16 17]
[ 0  1  2  3  4  5  7  8 10 11 12 13 14 15 16 17]
[ 0  1  2  3  4  5  7  8 10 11 12 13 14 15 16 17]
[ 0  1  2  3  4  5  7  8 10 11 12 13 14 15 16 17]
[ 0  1  2  3  4  5  7  8 10 11 12 13 14 15 16 17]
[ 0  1  2  3  4  5  7  8 10 12 13 14 15 16 17]
[ 0  1  2  3  4  5  7  8 10 11 12 13 14 15 16 17]
[ 0  1  2  3  4  5  7  8 10 11 12 13 14 15 16 17]
[ 0  1  2  3  4  5  7  8 10 11 12 13 14 15 16 17]
[ 0  1  2  3  4  5  7  8 10 11 12 13 14 15 16 17]
[ 0  1  2  3  4  5  7  8 10 11 12 13 14 15 16 17]
[ 0  1  2  3  4  5  7  8 10 11 12 13 14 15 16 17]
[ 0  1  2  3  4  5  7  8 10 11 12 13 14 15 16 17]
[ 0  1  2  3  7  8 10 11 12 13 14 15 16 17]
[ 0  1  2  3  4  5  7  8 10 11 12 13 14 15 16 17]
[ 0  1  2  3  7  8 10 12 13 14 15 16 17]
[ 0  1  2  3  5  7  8 10 12 13 14 15 16 17]
[ 0  1  2  3  4  5  7  8 10 11 12 13 14 15 16 17]
[ 0  1  2  3  5  7  8 10 11 12 13 14 15 16 17]
[ 0  1  2  3  4  5  7  8 10 11 12 13 14 15 16 17]
[ 0  1  2  3  7  8 10 11 12 13 14 15 16 17]
[ 0  1  2  3  4  5  7  8 10 11 12 13 14 15 16 17]
[ 0  1  2  3  4  5  7  8 10 11 12 13 14 15 16 17]
[ 0  1  2  3  4  5  7  8 10 12 13 14 15 16 17]
[ 0  1  2  3  4  5  7  8 10 11 12 13 14 15 16 17]
[ 0  1  2  3  4  5  7  8 10 11 12 13 14 15 16 17]
[ 0  1  2  3  4  5  7  8 10 11 12 13 14 15 16 17]
[ 0  1  2  3  7  8 10 11 12 13 14 15 16 17]
[ 0  1  2  3  4  5  7  8 10 11 12 13 14 15 16 17]
[ 0  1  2  3  4  5  7  8 10 11 12 13 14 15 16 17]
[ 0  1  2  3  4  5  7  8 10 12 13 14 15 16 17]
[ 0  1  2  3  7  8 10 11 12 13 14 15 16 17]
[ 0  1  2  3  7  8 10 11 12 13 14 15 16 17]
[ 0  1  2  3  4  7  8 10 11 12 13 14 15 16 17]
[ 0  1  2  3  4  5  7  8 10 11 12 13 14 15 16 17]
[ 0  1  2  3  4  5  7  8 10 11 12 13 14 15 16 17]
[ 0  1  2  3  4  5  7  8 10 11 12 13 14 15 16 17]
[ 0  1  2  3  4  5  7  8 10 11 12 13 14 15 16 17]
[ 0  1  2  3  4  5  7  8 10 11 12 13 14 15 16 17]
[ 0  1  2  3  4  5  7  8 10 11 12 13 14 15 16 17]
[ 0  1  2  3  7  8 10 12 13 14 15 16 17]
[ 0  1  2  3  4  5  7  8  9 10 11 12 13 14 15 16 17]
[ 0  1  2  3  4  5  7  8 10 12 13 14 15 16 17]
[ 0  1  2  3  4  5  7  8 10 12 13 14 15 16 17]
[ 0  1  2  3  4  5  7  8 10 11 12 13 14 15 16 17]
[ 0  1  2  3  4  5  7  8 10 11 12 13 14 15 16 17]
[ 0  1  2  3  4  5  7  8 10 11 12 13 14 15 16 17]
[ 0  1  2  3  4  5  7  8 10 11 12 13 14 15 16 17]
[ 0  1  2  3  4  5  7  8 10 11 12 13 14 15 16 17]
[ 0  1  2  3  4  5  7  8 10 11 12 13 14 15 16 17]
[ 0  1  2  3  4  5  7  8 10 12 13 14 15 16 17]
[ 0  1  2  3  4  5  7  8 10 11 12 13 14 15 16 17]
[ 0  1  2  3  4  5  7  8 10 11 12 13 14 15 16 17]
[ 0  1  2  3  4  5  7  8 10 11 12 13 14 15 16 17]
[ 0  1  2  3  4  5  7  8 10 11 12 13 14 15 16 17]
[ 0  1  2  3  4  5  7  8 10 11 12 13 14 15 16 17]
[ 0  1  2  3  4  5  7  8 10 11 12 13 14 15 16 17]
[ 0  1  2  3  4  5  7  8 10 11 12 13 14 15 16 17]
[ 0  1  2  3  4  5  7  8 10 11 12 13 14 15 16 17]
[ 0  1  2  3  5  7  8 10 11 12 13 14 15 16 17]
[ 0  1  2  3  4  5  7  8 10 11 12 13 14 15 16 17]
[ 0  1  2  3  4  5  7  8 10 11 12 13 14 15 16 17]
[ 0  1  2  3  4  5  7  8 10 11 12 13 14 15 16 17]
[ 0  1  2  3  4  5  7  8 10 11 12 13 14 15 16 17]
[ 0  1  2  3  7  8 10 11 12 13 14 15 16 17]
[ 0  1  3  7  8 10 11 12 13 14 15 16 17]
[ 0  1  2  3  4  5  7  8 10 11 12 13 14 15 16 17]
[ 0  1  2  3  4  5  7  8 10 12 13 14 15 16 17]
[ 0  1  2  3  4  7  8 10 11 12 13 14 15 16 17]
[ 0  1  2  3  4  5  7  8 10 12 13 14 15 16 17]
[ 0  1  2  3  4  5  7  8 10 11 12 13 14 15 16 17]
[ 0  1  2  3  4  5  7  8 10 11 12 13 14 15 16 17]
[ 0  1  2  3  4  5  7  8 10 12 13 14 15 16 17]
[ 0  1  2  3  4  5  7  8 10 11 12 13 14 15 16 17]
[ 0  1  2  3  4  5  7  8 10 11 12 13 14 15 16 17]
[ 0  1  2  3  4  5  7  8 10 11 12 13 14 15 16 17]
[ 0  1  2  3  4  7  8 10 12 13 14 15 16 17]
[ 0  1  3  5  7  8 10 11 12 13 14 15 16 17]
[ 0  1  2  3  4  5  7  8 10 11 12 13 14 15 16 17]
[ 0  1  3  5  7  8 10 11 12 13 14 15 16 17]
[ 0  1  2  3  4  5  7  8 10 11 12 13 14 15 16 17]
[ 0  1  2  3  4  5  7  8 10 11 12 13 14 15 16 17]
[ 0  1  2  3  5  7  8 10 11 12 13 14 15 16 17]
[ 0  1  2  3  7  8 10 11 12 13 14 15 16 17]
[ 0  1  2  3  4  5  7  8 10 11 12 13 14 15 16 17]
[ 0  1  2  3  4  5  7  8 10 11 12 13 14 15 16 17]
[ 0  1  2  3  4  5  7  8 10 11 12 13 14 15 16 17]
[ 0  1  2  3  4  5  7  8 10 11 12 13 14 15 16 17]
[ 0  1  2  3  4  5  7  8 10 11 12 13 14 15 16 17]
[ 0  1  2  3  7  8 10 11 12 13 14 15 16 17]
[ 0  1  2  3  4  5  7  8 10 11 12 13 14 15 16 17]
[ 0  1  2  3  7  8 10 11 12 13 14 15 16 17]
[ 0  1  2  3  4  5  7  8 10 11 12 13 14 15 16 17]
[ 0  1  2  3  4  5  7  8 10 11 12 13 14 15 16 17]
[ 0  1  2  3  4  5  7  8  9 10 11 12 13 14 15 16 17]
[ 0  1  2  3  4  5  7  8 10 11 12 13 14 15 16 17]
[ 0  1  2  3  4  5  7  8 10 11 12 13 14 15 16 17]
[ 0  1  2  3  5  7  8 10 12 13 14 15 16 17]
[ 0  1  2  3  4  5  7  8 10 11 12 13 14 15 16 17]
[ 0  1  2  3  4  5  7  8 10 12 13 14 15 16 17]
[ 0  1  2  3  4  5  7  8 10 11 12 13 14 15 16 17]
[ 0  1  2  3  4  5  7  8 10 11 12 13 14 15 16 17]
[ 0  1  2  3  4  5  7  8 10 12 13 14 15 16 17]
[ 0  1  2  3  4  5  7  8 10 11 12 13 14 15 16 17]
[ 0  1  2  3  4  5  7  8 10 11 12 13 14 15 16 17]
[ 0  1  2  3  4  5  7  8 10 12 13 14 15 16 17]
[ 0  1  2  3  4  5  7  8 10 11 12 13 14 15 16 17]
[ 0  1  2  3  4  5  7  8 10 12 13 14 15 16 17]
[ 0  1  2  3  4  5  7  8 10 11 12 13 14 15 16 17]
[ 0  1  2  3  4  5  7  8 10 11 12 13 14 15 16 17]
[ 0  1  2  3  4  5  7  8 10 11 12 13 14 15 16 17]
[ 0  1  2  3  4  5  7  8 10 11 12 13 14 15 16 17]
[ 0  1  2  3  5  7  8 10 11 12 13 14 15 16 17]
[ 0  1  2  3  4  5  7  8 10 11 12 13 14 15 16 17]
[ 0  1  2  3  7  8 10 11 12 13 14 15 16 17]
[ 0  1  2  3  4  5  7  8 10 11 12 13 14 15 16 17]
[ 0  1  2  3  4  5  7  8 10 12 13 14 15 16 17]
[ 0  1  2  3  5  7  8 10 12 13 14 15 16 17]
[ 0  1  2  3  4  5  7  8 10 11 12 13 14 15 16 17]
[ 0  1  2  3  7  8 10 11 12 13 14 15 16 17]
[ 0  1  2  3  4  5  7  8 10 11 12 13 14 15 16 17]
[ 0  1  2  3  4  7  8 10 11 12 13 14 15 16 17]
[ 0  1  2  3  4  7  8 10 11 12 13 14 15 16 17]
[ 0  1  2  3  7  8 10 11 12 13 14 15 16 17]
[ 0  1  2  3  4  5  7  8 10 11 12 13 14 15 16 17]
[ 0  1  2  3  4  5  7  8 10 11 12 13 14 15 16 17]
[ 0  1  2  3  4  5  7  8 10 11 12 13 14 15 16 17]
[ 0  1  2  3  7  8 10 11 12 13 14 15 16 17]
[ 0  1  2  3  4  5  7  8 10 11 12 13 14 15 16 17]
[ 0  1  2  3  4  5  7  8 10 11 12 13 14 15 16 17]
[ 0  1  2  3  4  5  7  8 10 11 12 13 14 15 16 17]
[ 0  1  2  3  4  5  7  8 10 11 12 13 14 15 16 17]
[ 0  1  2  3  4  5  7  8 10 11 12 13 14 15 16 17]
[ 0  1  2  3  4  5  7  8 10 12 13 14 15 16 17]
[ 0  1  2  3  4  5  7  8 10 11 12 13 14 15 16 17]
[ 0  1  2  3  5  7  8 10 11 12 13 14 15 16 17]
[ 0  1  2  3  4  5  7  8 10 11 12 13 14 15 16 17]
[ 0  1  2  3  4  5  7  8 10 11 12 13 14 15 16 17]
[ 0  1  2  3  4  5  7  8 10 11 12 13 14 15 16 17]
[ 0  1  3  5  7  8 10 11 12 13 14 15 16 17]
[ 0  1  2  3  4  5  7  8 10 11 12 13 14 15 16 17]
[ 0  1  2  3  4  5  7  8 10 11 12 13 14 15 16 17]
[ 0  1  2  3  4  5  7  8 10 11 12 13 14 15 16 17]
[ 0  1  3  5  7  8 10 11 12 13 14 15 16 17]
[ 0  1  2  3  4  5  7  8 10 11 12 13 14 15 16 17]
[ 0  1  2  3  4  5  7  8 10 11 12 13 14 15 16 17]
[ 0  1  2  3  4  5  7  8 10 11 12 13 14 15 16 17]
[ 0  1  2  3  4  5  7  8 10 11 12 13 14 15 16 17]
[ 0  1  2  3  4  5  7  8 10 11 12 13 14 15 16 17]
[ 0  1  2  3  4  5  7  8 10 12 13 14 15 16 17]
[ 0  1  2  3  4  5  7  8 10 11 12 13 14 15 16 17]
[ 0  1  2  3  4  5  7  8 10 11 12 13 14 15 16 17]
[ 0  1  2  3  7  8 10 11 12 13 14 15 16 17]
[ 0  1  2  3  4  5  7  8 10 11 12 13 14 15 16 17]
[ 0  1  2  3  7  8 10 11 12 13 14 15 16 17]
[ 0  1  2  3  4  5  7  8 10 11 12 13 14 15 16 17]
[ 0  1  2  3  4  5  7  8 10 11 12 13 14 15 16 17]
[ 0  1  2  3  4  7  8 10 11 12 13 14 15 16 17]
[ 0  1  2  3  5  7  8 10 12 13 14 15 16 17]
[ 0  1  2  3  4  5  7  8 10 11 12 13 14 15 16 17]
[ 0  1  2  3  4  5  7  8 10 12 13 14 15 16 17]
[ 0  1  2  3  4  5  7  8 10 12 13 14 15 16 17]
[ 0  1  2  3  4  5  7  8 10 11 12 13 14 15 16 17]
[ 0  1  2  3  4  5  7  8 10 12 13 14 15 16 17]
[ 0  1  2  3  4  5  7  8 10 12 13 14 15 16 17]
[ 0  1  2  3  4  5  7  8 10 11 12 13 14 15 16 17]
[ 0  1  2  3  4  5  7  8 10 11 12 13 14 15 16 17]
[ 0  1  2  3  4  5  7  8 10 11 12 13 14 15 16 17]
[ 0  1  2  3  4  5  7  8 10 11 12 13 14 15 16 17]
[ 0  1  2  3  4  5  7  8 10 11 12 13 14 15 16 17]
[ 0  1  2  3  4  5  7  8 10 11 12 13 14 15 16 17]
[ 0  1  2  3  4  5  7  8 10 11 12 13 14 15 16 17]
[ 0  1  2  3  4  5  7  8 10 11 12 13 14 15 16 17]
[ 0  1  3  5  7  8 10 11 12 13 14 15 16 17]
[ 0  1  2  3  4  5  7  8 10 11 12 13 14 15 16 17]
[ 0  1  2  3  4  5  7  8 10 11 12 13 14 15 16 17]
[ 0  1  2  3  4  5  7  8 10 11 12 13 14 15 16 17]
[ 0  1  2  3  4  5  7  8 10 11 12 13 14 15 16 17]
[ 0  1  2  3  4  5  7  8 10 11 12 13 14 15 16 17]
[ 0  1  2  3  4  5  7  8 10 11 12 13 14 15 16 17]
[ 0  1  2  3  4  5  7  8 10 11 12 13 14 15 16 17]
[ 0  1  2  3  7  8 10 11 12 13 14 15 16 17]
[ 0  1  2  3  4  5  7  8 10 11 12 13 14 15 16 17]
[ 0  1  2  3  4  5  7  8 10 11 12 13 14 15 16 17]
[ 0  1  2  3  4  5  7  8 10 11 12 13 14 15 16 17]
[ 0  1  2  3  7  8 10 11 12 13 14 15 16 17]
[ 0  1  2  3  4  7  8 10 11 12 13 14 15 16 17]
[ 0  1  2  3  4  5  7  8 10 12 13 14 15 16 17]
[ 0  1  2  3  4  7  8 10 11 12 13 14 15 16 17]
[ 0  1  3  7  8 10 11 12 13 14 15 16 17]
[ 0  1  2  3  4  5  7  8 10 11 12 13 14 15 16 17]
[ 0  1  2  3  4  5  7  8 10 11 12 13 14 15 16 17]
[ 0  1  2  3  4  5  7  8 10 11 12 13 14 15 16 17]
[ 0  1  2  3  4  5  7  8 10 11 12 13 14 15 16 17]
[ 0  1  2  3  4  5  7  8 10 11 12 13 14 15 16 17]
[ 0  1  2  3  4  5  7  8 10 11 12 13 14 15 16 17]
[ 0  1  2  3  7  8 10 11 12 13 14 15 16 17]
[ 0  1  2  3  4  5  7  8 10 11 12 13 14 15 16 17]
[ 0  1  2  3  4  5  7  8 10 12 13 14 15 16 17]
[ 0  1  2  3  4  5  7  8 10 11 12 13 14 15 16 17]
[ 0  1  2  3  7  8 10 11 12 13 14 15 16 17]
[ 0  1  2  3  4  5  7  8 10 11 12 13 14 15 16 17]
[ 0  1  2  3  7  8 10 11 12 13 14 15 16 17]
[ 0  1  2  3  4  5  7  8 10 12 13 14 15 16 17]
[ 0  1  2  3  4  5  7  8 10 11 12 13 14 15 16 17]
[ 0  1  2  3  4  5  7  8 10 11 12 13 14 15 16 17]
[ 0  1  2  3  4  5  7  8 10 11 12 13 14 15 16 17]
[ 0  1  2  3  4  5  7  8 10 11 12 13 14 15 16 17]
[ 0  1  2  3  7  8 10 11 12 13 14 15 16 17]
[ 0  1  2  3  4  5  7  8 10 11 12 13 14 15 16 17]
[ 0  1  2  3  4  5  7  8 10 12 13 14 15 16 17]
[ 0  1  2  3  4  5  7  8 10 12 13 14 15 16 17]
[ 0  1  2  3  4  5  7  8 10 11 12 13 14 15 16 17]
[ 0  1  3  5  7  8 10 12 13 14 15 16 17]
[ 0  1  2  3  4  7  8 10 12 13 14 15 16 17]
[ 0  1  2  3  7  8 10 11 12 13 14 15 16 17]
[ 0  1  2  3  4  5  7  8 10 11 12 13 14 15 16 17]
[ 0  1  2  3  4  5  7  8 10 11 12 13 14 15 16 17]
[ 0  1  2  3  4  5  7  8 10 11 12 13 14 15 16 17]
[ 0  1  2  3  4  5  7  8 10 11 12 13 14 15 16 17]
[ 0  1  2  3  4  5  7  8 10 12 13 14 15 16 17]
[ 0  1  2  3  4  5  7  8 10 11 12 13 14 15 16 17]
[ 0  1  2  3  4  5  7  8 10 11 12 13 14 15 16 17]
[ 0  1  2  3  4  5  7  8 10 11 12 13 14 15 16 17]
[ 0  1  2  3  4  5  7  8 10 11 12 13 14 15 16 17]
[ 0  1  2  3  4  5  7  8 10 11 12 13 14 15 16 17]
[ 0  1  2  3  4  5  7  8 10 11 12 13 14 15 16 17]
[ 0  1  2  3  4  5  7  8 10 11 12 13 14 15 16 17]
[ 0  1  2  3  4  5  7  8 10 11 12 13 14 15 16 17]
[ 0  1  2  3  4  5  7  8 10 11 12 13 14 15 16 17]
[ 0  1  2  3  4  5  7  8 10 11 12 13 14 15 16 17]
[ 0  1  2  3  4  5  7  8 10 11 12 13 14 15 16 17]
[ 0  1  2  3  4  5  7  8 10 11 12 13 14 15 16 17]
[ 0  1  2  3  4  5  7  8 10 11 12 13 14 15 16 17]
[ 0  1  2  3  4  5  7  8 10 11 12 13 14 15 16 17]
[ 0  1  2  3  4  5  7  8 10 12 13 14 15 16 17]
[ 0  1  2  3  4  5  7  8 10 12 13 14 15 16 17]
[ 0  1  2  3  4  5  7  8 10 11 12 13 14 15 16 17]
[ 0  1  2  3  4  5  7  8 10 11 12 13 14 15 16 17]
[ 0  1  2  3  4  5  7  8 10 12 13 14 15 16 17]
[ 0  1  2  3  4  5  7  8 10 12 13 14 15 16 17]
[ 0  1  2  3  4  5  7  8 10 11 12 13 14 15 16 17]
[ 0  1  3  5  7  8 10 11 12 13 14 15 16 17]
[ 0  1  2  3  4  5  7  8 10 11 12 13 14 15 16 17]
[ 0  1  2  3  4  5  7  8 10 12 13 14 15 16 17]
[ 0  1  2  3  4  5  7  8 10 11 12 13 14 15 16 17]
[ 0  1  2  3  4  5  7  8 10 12 13 14 15 16 17]
[ 0  1  2  3  4  5  7  8 10 11 12 13 14 15 16 17]
[ 0  1  2  3  4  5  7  8 10 11 12 13 14 15 16 17]
[ 0  1  2  3  4  5  7  8 10 11 12 13 14 15 16 17]
[ 0  1  2  3  5  7  8 10 11 12 13 14 15 16 17]
[ 0  1  2  3  4  5  7  8 10 11 12 13 14 15 16 17]
[ 0  1  2  3  4  5  7  8 10 11 12 13 14 15 16 17]
[ 0  1  2  3  5  7  8 10 11 12 13 14 15 16 17]
[ 0  1  2  3  7  8 10 11 12 13 14 15 16 17]
[ 0  1  2  3  4  5  7  8 10 12 13 14 15 16 17]
[ 0  1  2  3  7  8 10 11 12 13 14 15 16 17]
[ 0  1  2  3  4  5  7  8 10 11 12 13 14 15 16 17]
[ 0  1  2  3  5  7  8 10 12 13 14 15 16 17]
[ 0  1  2  3  4  5  7  8 10 11 12 13 14 15 16 17]
[ 0  1  2  3  4  5  7  8 10 11 12 13 14 15 16 17]
[ 0  1  2  3  4  5  7  8 10 12 13 14 15 16 17]
[ 0  1  2  3  4  5  7  8 10 11 12 13 14 15 16 17]
[ 0  1  2  3  4  5  7  8 10 11 12 13 14 15 16 17]
1: directories
4:mask
Name : boy4, style : 00005
1: directories
4:mask
Name : boy4, style : 00006
1: directories
4:mask
Name : girl10, style : 00005
1: directories
4:mask
Name : girl10, style : 00006
> /data/hanxinyang/MuNeRF_latest/process_data_hy/makeup-transfer-public/10008_test_val.py(198)<module>()
-> for name in names:
(Pdb) --KeyboardInterrupt--
(Pdb) --KeyboardInterrupt--
(Pdb) --KeyboardInterrupt--
(Pdb) --KeyboardInterrupt--
(Pdb) --KeyboardInterrupt--
(Pdb) --KeyboardInterrupt--
(Pdb) --KeyboardInterrupt--
(Pdb) --KeyboardInterrupt--
(Pdb) --KeyboardInterrupt--
(Pdb) --KeyboardInterrupt--
(Pdb) --KeyboardInterrupt--
(Pdb) --KeyboardInterrupt--
(Pdb) --KeyboardInterrupt--
(Pdb) --KeyboardInterrupt--
(Pdb) --KeyboardInterrupt--
(Pdb) --KeyboardInterrupt--
(Pdb) --KeyboardInterrupt--
(Pdb) --KeyboardInterrupt--
(Pdb) --KeyboardInterrupt--
(Pdb) --KeyboardInterrupt--
(Pdb) --KeyboardInterrupt--
(Pdb) --KeyboardInterrupt--
(Pdb) --KeyboardInterrupt--
(Pdb) --KeyboardInterrupt--
(Pdb) --KeyboardInterrupt--
(Pdb) --KeyboardInterrupt--
(Pdb) --KeyboardInterrupt--
(Pdb) --KeyboardInterrupt--
(Pdb) --KeyboardInterrupt--
(Pdb) --KeyboardInterrupt--
(Pdb) --KeyboardInterrupt--
(Pdb) --KeyboardInterrupt--
(Pdb) --KeyboardInterrupt--
(Pdb) --KeyboardInterrupt--
(Pdb) --KeyboardInterrupt--
(Pdb) --KeyboardInterrupt--
(Pdb) --KeyboardInterrupt--
(Pdb) --KeyboardInterrupt--
(Pdb) --KeyboardInterrupt--
(Pdb) --KeyboardInterrupt--
(Pdb) --KeyboardInterrupt--
(Pdb) --KeyboardInterrupt--
(Pdb) --KeyboardInterrupt--
(Pdb) --KeyboardInterrupt--
(Pdb) (Pdb) (Pdb) --KeyboardInterrupt--
(Pdb) (Pdb) (Pdb) --KeyboardInterrupt--
(Pdb) (Pdb) (Pdb) 